ncols        25
nrows        13
xllcorner    8.911000000000
yllcorner    44.381000000000
cellsize     0.009000000000
NODATA_value -9999
 -9999 -9999 -9999 -9999 -9999 -9999 -9999 -9999 -9999 -9999 -9999 -9999 -9999 -9999 -9999 -9999 -9999 -9999 -9999 -9999 -9999 -9999 -9999 -9999 -9999
 -9999 2 4 1 1 4 4 4 4 2 1 3 2 1 3 2 2 1 1 3 2 2 2 1 -9999
 -9999 4 4 4 4 8 3 2 2 1 3 2 1 3 2 2 1 1 3 3 2 1 4 2 -9999
 -9999 8 8 8 8 3 3 2 1 4 3 2 1 2 2 1 4 4 3 2 1 4 3 2 -9999
 -9999 8 7 6 3 2 2 1 4 4 2 2 2 1 1 4 7 7 6 2 4 8 3 2 -9999
 -9999 4 3 2 6 2 1 4 7 7 4 4 4 4 4 4 1 2 2 1 4 4 6 6 -9999
 -9999 2 3 2 6 2 1 4 9 8 8 8 8 8 8 7 4 4 4 4 4 3 6 6 -9999
 -9999 2 1 3 2 1 4 7 1 3 2 2 1 4 8 8 7 4 8 8 7 6 9 8 -9999
 -9999 2 2 6 2 2 1 1 2 2 1 4 4 4 9 8 8 7 4 8 7 9 8 8 -9999
 -9999 4 4 2 2 1 4 2 2 1 4 8 7 7 3 2 1 1 7 4 3 3 3 2 -9999
 -9999 4 4 2 1 1 2 2 2 2 2 2 1 3 2 1 1 1 2 2 2 3 2 2 -9999
 -9999 8 7 2 4 4 4 2 2 4 4 2 4 6 2 2 4 4 2 4 4 6 2 2 -9999
 -9999 -9999 -9999 -9999 -9999 -9999 -9999 -9999 -9999 -9999 -9999 -9999 -9999 -9999 -9999 -9999 -9999 -9999 -9999 -9999 -9999 -9999 -9999 -9999 -9999
