ncols        25
nrows        13
xllcorner    8.911000000000
yllcorner    44.381000000000
cellsize     0.009000000000
NODATA_value  -9999.00
 715914.94 715914.94 715914.94 715914.94 715914.94 715914.94 715914.94 715914.94 715914.94 715914.94 715914.94 715914.94 715914.94 715914.94 715914.94 715914.94 715914.94 715914.94 715914.94 715914.94 715914.94 715914.94 715914.94 715914.94 715914.94
 716023.94 716023.94 716023.94 716023.94 716023.94 716023.94 716023.94 716023.94 716023.94 716023.94 716023.94 716023.94 716023.94 716023.94 716023.94 716023.94 716023.94 716023.94 716023.94 716023.94 716023.94 716023.94 716023.94 716023.94 716023.94
 716132.88 716132.88 716132.88 716132.88 716132.88 716132.88 716132.88 716132.88 716132.88 716132.88 716132.88 716132.88 716132.88 716132.88 716132.88 716132.88 716132.88 716132.88 716132.88 716132.88 716132.88 716132.88 716132.88 716132.88 716132.88
 716241.81 716241.81 716241.81 716241.81 716241.81 716241.81 716241.81 716241.81 716241.81 716241.81 716241.81 716241.81 716241.81 716241.81 716241.81 716241.81 716241.81 716241.81 716241.81 716241.81 716241.81 716241.81 716241.81 716241.81 716241.81
 716350.69 716350.69 716350.69 716350.69 716350.69 716350.69 716350.69 716350.69 716350.69 716350.69 716350.69 716350.69 716350.69 716350.69 716350.69 716350.69 716350.69 716350.69 716350.69 716350.69 716350.69 716350.69 716350.69 716350.69 716350.69
 716459.62 716459.62 716459.62 716459.62 716459.62 716459.62 716459.62 716459.62 716459.62 716459.62 716459.62 716459.62 716459.62 716459.62 716459.62 716459.62 716459.62 716459.62 716459.62 716459.62 716459.62 716459.62 716459.62 716459.62 716459.62
 716568.50 716568.50 716568.50 716568.50 716568.50 716568.50 716568.50 716568.50 716568.50 716568.50 716568.50 716568.50 716568.50 716568.50 716568.50 716568.50 716568.50 716568.50 716568.50 716568.50 716568.50 716568.50 716568.50 716568.50 716568.50
 716677.31 716677.31 716677.31 716677.31 716677.31 716677.31 716677.31 716677.31 716677.31 716677.31 716677.31 716677.31 716677.31 716677.31 716677.31 716677.31 716677.31 716677.31 716677.31 716677.31 716677.31 716677.31 716677.31 716677.31 716677.31
 716786.19 716786.19 716786.19 716786.19 716786.19 716786.19 716786.19 716786.19 716786.19 716786.19 716786.19 716786.19 716786.19 716786.19 716786.19 716786.19 716786.19 716786.19 716786.19 716786.19 716786.19 716786.19 716786.19 716786.19 716786.19
 716895.00 716895.00 716895.00 716895.00 716895.00 716895.00 716895.00 716895.00 716895.00 716895.00 716895.00 716895.00 716895.00 716895.00 716895.00 716895.00 716895.00 716895.00 716895.00 716895.00 716895.00 716895.00 716895.00 716895.00 716895.00
 717003.81 717003.81 717003.81 717003.81 717003.81 717003.81 717003.81 717003.81 717003.81 717003.81 717003.81 717003.81 717003.81 717003.81 717003.81 717003.81 717003.81 717003.81 717003.81 717003.81 717003.81 717003.81 717003.81 717003.81 717003.81
 717112.56 717112.56 717112.56 717112.56 717112.56 717112.56 717112.56 717112.56 717112.56 717112.56 717112.56 717112.56 717112.56 717112.56 717112.56 717112.56 717112.56 717112.56 717112.56 717112.56 717112.56 717112.56 717112.56 717112.56 717112.56
 717221.38 717221.38 717221.38 717221.38 717221.38 717221.38 717221.38 717221.38 717221.38 717221.38 717221.38 717221.38 717221.38 717221.38 717221.38 717221.38 717221.38 717221.38 717221.38 717221.38 717221.38 717221.38 717221.38 717221.38 717221.38
