ncols        25
nrows        13
xllcorner    8.911000000000
yllcorner    44.381000000000
cellsize     0.009000000000
NODATA_value -9999
 -9999 -9999 -9999 -9999 -9999 -9999 -9999 -9999 -9999 -9999 -9999 -9999 -9999 -9999 -9999 -9999 -9999 -9999 -9999 -9999 -9999 -9999 -9999 -9999 -9999
 -9999 1 1 1 1 2 1 1 1 1 1 1 1 1 1 1 1 1 1 1 1 1 1 1 -9999
 -9999 7 6 4 2 1 1 1 1 1 1 1 1 1 1 1 1 1 1 1 1 2 1 1 -9999
 -9999 2 1 1 1 1 1 3 4 1 1 4 1 1 3 8 4 1 1 2 7 2 1 1 -9999
 -9999 1 1 1 2 1 2 91 81 1 1 7 1 2 13 1 1 1 1 13 1 1 1 2 -9999
 -9999 1 1 1 1 5 95 1 1 79 76 73 64 59 44 1 1 1 1 16 2 1 1 3 -9999
 -9999 1 1 3 1 102 3 1 1 1 1 1 1 1 2 40 28 27 25 6 1 1 1 7 -9999
 -9999 1 1 5 1 107 1 1 1 1 1 1 2 1 1 3 7 1 1 3 1 1 5 1 -9999
 -9999 2 1 1 115 1 1 2 1 1 12 9 3 1 1 1 1 4 1 1 1 1 1 1 -9999
 -9999 3 2 1 116 6 3 1 2 15 1 1 1 1 1 1 1 1 2 1 1 1 1 1 -9999
 -9999 2 1 2 123 1 1 2 18 1 1 1 1 1 1 4 2 1 1 1 1 2 2 2 -9999
 -9999 1 1 126 2 1 2 3 19 2 2 3 1 1 7 3 2 1 2 2 2 1 5 1 -9999
 -9999 -9999 -9999 -9999 -9999 -9999 -9999 -9999 -9999 -9999 -9999 -9999 -9999 -9999 -9999 -9999 -9999 -9999 -9999 -9999 -9999 -9999 -9999 -9999 -9999
