ncols        25
nrows        13
xllcorner    8.911000000000
yllcorner    44.381000000000
cellsize     0.009000000000
NODATA_value  -9999.0000
 44.4935 44.4935 44.4935 44.4935 44.4935 44.4935 44.4935 44.4935 44.4935 44.4935 44.4935 44.4935 44.4935 44.4935 44.4935 44.4935 44.4935 44.4935 44.4935 44.4935 44.4935 44.4935 44.4935 44.4935 44.4935
 44.4845 44.4845 44.4845 44.4845 44.4845 44.4845 44.4845 44.4845 44.4845 44.4845 44.4845 44.4845 44.4845 44.4845 44.4845 44.4845 44.4845 44.4845 44.4845 44.4845 44.4845 44.4845 44.4845 44.4845 44.4845
 44.4755 44.4755 44.4755 44.4755 44.4755 44.4755 44.4755 44.4755 44.4755 44.4755 44.4755 44.4755 44.4755 44.4755 44.4755 44.4755 44.4755 44.4755 44.4755 44.4755 44.4755 44.4755 44.4755 44.4755 44.4755
 44.4665 44.4665 44.4665 44.4665 44.4665 44.4665 44.4665 44.4665 44.4665 44.4665 44.4665 44.4665 44.4665 44.4665 44.4665 44.4665 44.4665 44.4665 44.4665 44.4665 44.4665 44.4665 44.4665 44.4665 44.4665
 44.4575 44.4575 44.4575 44.4575 44.4575 44.4575 44.4575 44.4575 44.4575 44.4575 44.4575 44.4575 44.4575 44.4575 44.4575 44.4575 44.4575 44.4575 44.4575 44.4575 44.4575 44.4575 44.4575 44.4575 44.4575
 44.4485 44.4485 44.4485 44.4485 44.4485 44.4485 44.4485 44.4485 44.4485 44.4485 44.4485 44.4485 44.4485 44.4485 44.4485 44.4485 44.4485 44.4485 44.4485 44.4485 44.4485 44.4485 44.4485 44.4485 44.4485
 44.4395 44.4395 44.4395 44.4395 44.4395 44.4395 44.4395 44.4395 44.4395 44.4395 44.4395 44.4395 44.4395 44.4395 44.4395 44.4395 44.4395 44.4395 44.4395 44.4395 44.4395 44.4395 44.4395 44.4395 44.4395
 44.4305 44.4305 44.4305 44.4305 44.4305 44.4305 44.4305 44.4305 44.4305 44.4305 44.4305 44.4305 44.4305 44.4305 44.4305 44.4305 44.4305 44.4305 44.4305 44.4305 44.4305 44.4305 44.4305 44.4305 44.4305
 44.4215 44.4215 44.4215 44.4215 44.4215 44.4215 44.4215 44.4215 44.4215 44.4215 44.4215 44.4215 44.4215 44.4215 44.4215 44.4215 44.4215 44.4215 44.4215 44.4215 44.4215 44.4215 44.4215 44.4215 44.4215
 44.4125 44.4125 44.4125 44.4125 44.4125 44.4125 44.4125 44.4125 44.4125 44.4125 44.4125 44.4125 44.4125 44.4125 44.4125 44.4125 44.4125 44.4125 44.4125 44.4125 44.4125 44.4125 44.4125 44.4125 44.4125
 44.4035 44.4035 44.4035 44.4035 44.4035 44.4035 44.4035 44.4035 44.4035 44.4035 44.4035 44.4035 44.4035 44.4035 44.4035 44.4035 44.4035 44.4035 44.4035 44.4035 44.4035 44.4035 44.4035 44.4035 44.4035
 44.3945 44.3945 44.3945 44.3945 44.3945 44.3945 44.3945 44.3945 44.3945 44.3945 44.3945 44.3945 44.3945 44.3945 44.3945 44.3945 44.3945 44.3945 44.3945 44.3945 44.3945 44.3945 44.3945 44.3945 44.3945
 44.3855 44.3855 44.3855 44.3855 44.3855 44.3855 44.3855 44.3855 44.3855 44.3855 44.3855 44.3855 44.3855 44.3855 44.3855 44.3855 44.3855 44.3855 44.3855 44.3855 44.3855 44.3855 44.3855 44.3855 44.3855
