ncols        25
nrows        13
xllcorner    8.911000000000
yllcorner    44.381000000000
cellsize     0.009000000000
NODATA_value  -9999.0000
 8.9155 8.9245 8.9335 8.9425 8.9515 8.9605 8.9695 8.9785 8.9875 8.9965 9.0055 9.0145 9.0235 9.0325 9.0415 9.0505 9.0595 9.0685 9.0775 9.0865 9.0955 9.1045 9.1135 9.1225 9.1315
 8.9155 8.9245 8.9335 8.9425 8.9515 8.9605 8.9695 8.9785 8.9875 8.9965 9.0055 9.0145 9.0235 9.0325 9.0415 9.0505 9.0595 9.0685 9.0775 9.0865 9.0955 9.1045 9.1135 9.1225 9.1315
 8.9155 8.9245 8.9335 8.9425 8.9515 8.9605 8.9695 8.9785 8.9875 8.9965 9.0055 9.0145 9.0235 9.0325 9.0415 9.0505 9.0595 9.0685 9.0775 9.0865 9.0955 9.1045 9.1135 9.1225 9.1315
 8.9155 8.9245 8.9335 8.9425 8.9515 8.9605 8.9695 8.9785 8.9875 8.9965 9.0055 9.0145 9.0235 9.0325 9.0415 9.0505 9.0595 9.0685 9.0775 9.0865 9.0955 9.1045 9.1135 9.1225 9.1315
 8.9155 8.9245 8.9335 8.9425 8.9515 8.9605 8.9695 8.9785 8.9875 8.9965 9.0055 9.0145 9.0235 9.0325 9.0415 9.0505 9.0595 9.0685 9.0775 9.0865 9.0955 9.1045 9.1135 9.1225 9.1315
 8.9155 8.9245 8.9335 8.9425 8.9515 8.9605 8.9695 8.9785 8.9875 8.9965 9.0055 9.0145 9.0235 9.0325 9.0415 9.0505 9.0595 9.0685 9.0775 9.0865 9.0955 9.1045 9.1135 9.1225 9.1315
 8.9155 8.9245 8.9335 8.9425 8.9515 8.9605 8.9695 8.9785 8.9875 8.9965 9.0055 9.0145 9.0235 9.0325 9.0415 9.0505 9.0595 9.0685 9.0775 9.0865 9.0955 9.1045 9.1135 9.1225 9.1315
 8.9155 8.9245 8.9335 8.9425 8.9515 8.9605 8.9695 8.9785 8.9875 8.9965 9.0055 9.0145 9.0235 9.0325 9.0415 9.0505 9.0595 9.0685 9.0775 9.0865 9.0955 9.1045 9.1135 9.1225 9.1315
 8.9155 8.9245 8.9335 8.9425 8.9515 8.9605 8.9695 8.9785 8.9875 8.9965 9.0055 9.0145 9.0235 9.0325 9.0415 9.0505 9.0595 9.0685 9.0775 9.0865 9.0955 9.1045 9.1135 9.1225 9.1315
 8.9155 8.9245 8.9335 8.9425 8.9515 8.9605 8.9695 8.9785 8.9875 8.9965 9.0055 9.0145 9.0235 9.0325 9.0415 9.0505 9.0595 9.0685 9.0775 9.0865 9.0955 9.1045 9.1135 9.1225 9.1315
 8.9155 8.9245 8.9335 8.9425 8.9515 8.9605 8.9695 8.9785 8.9875 8.9965 9.0055 9.0145 9.0235 9.0325 9.0415 9.0505 9.0595 9.0685 9.0775 9.0865 9.0955 9.1045 9.1135 9.1225 9.1315
 8.9155 8.9245 8.9335 8.9425 8.9515 8.9605 8.9695 8.9785 8.9875 8.9965 9.0055 9.0145 9.0235 9.0325 9.0415 9.0505 9.0595 9.0685 9.0775 9.0865 9.0955 9.1045 9.1135 9.1225 9.1315
 8.9155 8.9245 8.9335 8.9425 8.9515 8.9605 8.9695 8.9785 8.9875 8.9965 9.0055 9.0145 9.0235 9.0325 9.0415 9.0505 9.0595 9.0685 9.0775 9.0865 9.0955 9.1045 9.1135 9.1225 9.1315
