ncols        25
nrows        13
xllcorner    8.911000000000
yllcorner    44.381000000000
cellsize     0.009000000000
NODATA_value -9999
 -9999 -9999 -9999 -9999 -9999 -9999 -9999 -9999 -9999 -9999 -9999 -9999 -9999 -9999 -9999 -9999 -9999 -9999 -9999 -9999 -9999 -9999 -9999 -9999 -9999
 -9999 0 0 0 0 0 0 0 0 0 0 0 0 0 0 0 0 0 0 0 0 0 0 0 -9999
 -9999 1 1 1 0 0 0 0 0 0 0 0 0 0 0 0 0 0 0 0 0 0 0 0 -9999
 -9999 0 0 0 0 0 0 1 1 0 0 1 0 0 1 1 1 0 0 0 1 0 0 0 -9999
 -9999 0 0 0 0 0 0 1 1 0 0 1 0 0 1 0 0 0 0 1 0 0 0 0 -9999
 -9999 0 0 0 0 1 1 0 0 1 1 1 1 1 1 0 0 0 0 1 0 0 0 1 -9999
 -9999 0 0 1 0 1 1 0 0 0 0 0 0 0 0 1 1 1 1 1 0 0 0 1 -9999
 -9999 0 0 1 0 1 0 0 0 0 0 0 0 0 0 1 1 0 0 1 0 0 1 0 -9999
 -9999 0 0 0 1 0 0 0 0 0 1 1 1 0 0 0 0 1 0 0 0 0 0 0 -9999
 -9999 1 0 0 1 1 1 0 0 1 0 0 0 0 0 0 0 0 0 0 0 0 0 0 -9999
 -9999 0 0 0 1 0 0 0 1 0 0 0 0 0 0 1 0 0 0 0 0 0 0 0 -9999
 -9999 0 0 1 0 0 0 1 1 0 0 1 0 0 1 1 0 0 0 0 0 0 1 0 -9999
 -9999 -9999 -9999 -9999 -9999 -9999 -9999 -9999 -9999 -9999 -9999 -9999 -9999 -9999 -9999 -9999 -9999 -9999 -9999 -9999 -9999 -9999 -9999 -9999 -9999
