         422         151
  -99.0000000    
   5924000.00    
   4134243.25    

         379         231
  -99.0000000    
   570000.000    
   379414.375    

         387         243
  -99.0000000    
   840000.000    
   565473.312    

         404         285
  -99.0000000    
   1225000.00    
   823814.688    

         288         373
  -99.0000000    
   57142556.0    
   39991516.0    

         180         380
  -99.0000000    
   19200000.0    
   13435922.0    

         189         354
  -99.0000000    
   4221000.00    
   2939888.25    

         209         388
  -99.0000000    
   4535000.00    
   3163691.00    

         224         409
  -99.0000000    
   592592.000    
   412345.438    

         125         446
  -99.0000000    
   13150000.0    
   9192476.00    

         164         450
  -99.0000000    
   2510000.00    
   1740632.12    

          88         489
  -99.0000000    
   14070000.0    
   9828016.00    

          41         409
  -99.0000000    
   10970000.0    
   7674771.00    

